<?xml version="1.0"?>
<opencv_storage>
<calibration_Time>"2023-11-28 22:01:33.312498"</calibration_Time>
<image_Height>5304</image_Height>
<image_Width>7952</image_Width>
<Camera_Matrix type_id="opencv-matrix">
  <rows>3</rows>
  <cols>3</cols>
  <dt>d</dt>
  <data>
    7.9202233047717018e+03 0. 3.9749839294148060e+03 0.
    7.9219976624671908e+03 2.6911373187710624e+03 0. 0. 1.</data></Camera_Matrix>
<Distortion_Coefficients type_id="opencv-matrix">
  <rows>1</rows>
  <cols>5</cols>
  <dt>d</dt>
  <data>
    -2.7866660640273749e-02 8.8936010649245362e-02
    1.4527009183023783e-03 8.6951647275176490e-04 1.7027728191307517e-01</data></Distortion_Coefficients>
</opencv_storage>
