<?xml version="1.0"?>
<opencv_storage>
<calibration_Time>"2023-11-28 22:00:46.232141"</calibration_Time>
<image_Height>5304</image_Height>
<image_Width>7952</image_Width>
<Camera_Matrix type_id="opencv-matrix">
  <rows>3</rows>
  <cols>3</cols>
  <dt>d</dt>
  <data>
    8.0044147114981279e+03 0. 3.9974876939660835e+03 0.
    8.0074587129151332e+03 2.6108848649676456e+03 0. 0. 1.</data></Camera_Matrix>
<Distortion_Coefficients type_id="opencv-matrix">
  <rows>1</rows>
  <cols>5</cols>
  <dt>d</dt>
  <data>
    -2.9340051228681739e-02 1.0288998245334025e-01
    9.0949831878451811e-05 -1.1849264337122421e-03
    1.4617612347105496e-01</data></Distortion_Coefficients>
</opencv_storage>
